0.010000 476.837158
0.020000 6.357829
0.030000 476.837158
0.040000 476.837158
0.050000 476.837158
0.060000 476.837158
0.070000 476.837158
0.080000 7.450581
0.090000 476.837158
0.100000 119.209290
0.110000 476.837158
0.120000 476.837158
0.130000 476.837158
0.140000 476.837158
0.150000 476.837158
0.160000 4.541306
0.170000 476.53231
0.180000 11.630175
0.190000 476.837158
0.200000 476.837158
0.210000 238.418579
0.220000 3.845461
0.230000 95.367432
0.240000 476.837158
0.250000 119.209290
0.260000 476.837158
0.270000 476.837158
0.280000 476.837158
